2.147736950064427219e+00 9.997097710028218787e-01
2.148001158275292255e+00 1.002926053319399990e+00
2.148265366486157291e+00 1.008324377782920944e+00
2.148529574697022326e+00 1.008357483919735120e+00
2.148793782907887362e+00 1.007999215831625550e+00
2.149057991118752398e+00 1.010170920507598380e+00
2.149322199329617433e+00 9.951336014442475619e-01
2.149586407540482469e+00 9.820092601334842186e-01
2.149850615751347505e+00 9.773494169585239533e-01
2.150114823962212540e+00 9.823147090834041251e-01
2.150379032173077576e+00 9.838125413373690620e-01
2.150643240383942612e+00 9.879001568728472682e-01
2.150907448594807647e+00 9.927841414290853317e-01
2.151171656805672683e+00 9.983906412674871111e-01
2.151435865016537718e+00 1.001364735979674681e+00
2.151700073227402754e+00 9.961166211726072417e-01
2.151964281438267790e+00 9.993402338065924262e-01
2.152228717022808269e+00 1.015303191413230000e+00
2.152492925233673304e+00 9.963498820020139091e-01
2.152757133444538340e+00 9.770409876532750726e-01
2.153021341655403376e+00 1.008353683219680663e+00
2.153285549866268411e+00 1.015673739651592467e+00
2.153549758077133447e+00 9.840174776491975583e-01
2.153813966287998483e+00 9.810474985639573431e-01
2.154078174498863518e+00 9.864486673212266021e-01
2.154342382709728554e+00 9.996309009810309121e-01
2.154606590920593590e+00 1.011492455474828578e+00
2.154870799131458625e+00 9.974217363277250170e-01
2.155135007342323661e+00 9.774109176110851172e-01
2.155399215553188697e+00 9.865067804603676604e-01
2.155663423764053732e+00 9.985845798500957438e-01
2.155927631974918768e+00 1.005665192957088339e+00
2.156191840185783803e+00 1.005294153930594403e+00
2.156456048396648839e+00 9.960157715445957516e-01
2.156720256607513875e+00 9.994597120362485043e-01
2.156984464818378910e+00 1.006119349220956138e+00
2.157248673029243946e+00 1.002394821465191654e+00
2.157512881240108982e+00 9.626957360801643437e-01
2.157777089450974017e+00 9.692456052027984548e-01
2.158041297661839053e+00 1.010850036351692349e+00
2.158305505872704089e+00 1.016340805401575231e+00
2.158569714083569124e+00 1.016314831720671608e+00
2.158833922294434160e+00 1.024995276584362625e+00
2.159098130505299196e+00 1.022621107240874849e+00
2.159362338716164231e+00 1.000853656057259622e+00
2.159626546927029267e+00 1.001836168999473697e+00
2.159890755137894303e+00 1.006161792120521259e+00
2.160155190722434781e+00 9.952219279724106027e-01
2.160419398933299817e+00 9.852456288666060491e-01
2.160683607144164853e+00 9.890108325131056199e-01
2.160947815355029888e+00 1.008247147058518367e+00
2.161212023565894924e+00 1.002119026955293979e+00
2.161476231776759960e+00 9.970207959912990026e-01
2.161740439987624995e+00 1.001165641927389105e+00
2.162004648198490031e+00 1.005295802259865035e+00
2.162268856409355067e+00 1.007919320659060425e+00
2.162533064620220102e+00 1.005094768537220462e+00
2.162797272831085138e+00 1.008511021531284246e+00
2.163061481041950174e+00 1.009221438668088222e+00
2.163325689252815209e+00 1.015114846794962222e+00
2.163589897463680245e+00 1.003803664803380125e+00
2.163854105674545281e+00 9.853854658525336152e-01
2.164118313885410316e+00 1.001809577770369719e+00
2.164382522096275352e+00 1.014234279507065351e+00
2.164646730307140388e+00 1.001222621862566164e+00
2.169138497265521437e+00 9.900797325664411064e-01
2.169402705476386473e+00 9.982616412268733308e-01
2.169666913687251508e+00 1.004920650465186194e+00
2.169931121898116544e+00 1.004104431531795516e+00
2.170195330108981580e+00 9.998999506025728623e-01
2.170459538319846615e+00 9.660519558268935159e-01
2.170723746530711651e+00 1.011907518689242336e+00
2.170987954741576687e+00 1.007714492825404040e+00
2.171252162952441722e+00 9.947357353819663572e-01
2.171516371163306758e+00 9.736431962542856366e-01
2.171780579374171793e+00 9.895665499741443938e-01
2.172044787585036829e+00 1.001692596376210442e+00
2.172308995795901865e+00 1.022254231097246002e+00
2.172573204006766900e+00 1.023727244370259637e+00
2.172837412217631936e+00 1.016897731284789552e+00
2.173101620428496972e+00 1.015754327828944259e+00
2.173365828639362007e+00 9.997998317098758525e-01
2.173630036850227043e+00 9.893709773173445798e-01
2.173894245061092079e+00 1.010889209950776912e+00
2.174158453271957114e+00 9.666908174496127160e-01
2.174422661482822150e+00 9.667447998703893042e-01
2.174686869693687186e+00 9.938018772476087115e-01
2.174951077904552221e+00 1.006203248677670858e+00
2.175215286115417257e+00 1.013659382894805949e+00
2.175479721699957736e+00 1.012162681535958564e+00
2.175743929910822771e+00 1.018044682128331990e+00
2.176008138121687807e+00 1.023982221526581027e+00
2.176272346332552843e+00 1.026549926455697648e+00
2.176536554543417878e+00 1.017934025445684121e+00
2.176800762754282914e+00 9.847548364663292197e-01
2.177064970965147950e+00 9.774919046004783008e-01
2.177329179176012985e+00 9.995316571209954537e-01
2.177593387386878021e+00 1.006913005907602354e+00
2.177857595597743057e+00 9.971253249153958498e-01
2.178121803808608092e+00 1.005524340347079937e+00
2.178386012019473128e+00 1.024203569947242043e+00
2.178650220230338164e+00 1.016174030613418822e+00
2.178914428441203199e+00 1.005296997958721628e+00
2.179178636652068235e+00 9.582990123569813390e-01
2.179442844862933271e+00 9.563066993159834439e-01
2.179707053073798306e+00 9.577216663534464658e-01
2.179971261284663342e+00 9.812294221728363741e-01
2.180235469495528378e+00 9.975910367038269833e-01
2.180499677706393413e+00 1.004700372903690075e+00
2.180763885917258449e+00 1.006269977603747146e+00
2.181028094128123485e+00 1.017019549161843894e+00
2.181292302338988520e+00 1.031110131047018097e+00
2.181556510549853556e+00 1.025339663481592778e+00
2.181820718760718592e+00 1.019724587739166521e+00
2.182084926971583627e+00 1.013859820824904334e+00
2.182349135182448663e+00 9.710433044019266546e-01
2.182613343393313698e+00 9.770602880745125063e-01
2.182877551604178734e+00 9.947569059368491784e-01
2.183141759815043770e+00 9.639049494819046382e-01
2.183406195399584249e+00 1.003665792744193652e+00
2.183670403610449284e+00 1.013390479324365989e+00
2.183934611821314320e+00 1.009385678580164925e+00
2.184198820032179356e+00 1.014277660339234277e+00
2.184463028243044391e+00 1.014215031122303268e+00
2.184727236453909427e+00 1.022736061973496202e+00
2.184991444664774463e+00 1.020104856828020212e+00
2.185255652875639498e+00 1.001298682946464735e+00
2.185519861086504534e+00 9.724713225738953470e-01
2.185784069297369570e+00 9.930758581046951194e-01
2.186048277508234605e+00 9.953193788127164821e-01
2.186312485719099641e+00 9.911641643309341276e-01
2.186576693929964676e+00 1.001769079548241459e+00
2.186840902140829712e+00 9.991282526397740060e-01
2.187105110351694748e+00 9.923698278696284625e-01
2.187369318562559783e+00 9.961771509337277175e-01
2.187633526773424819e+00 1.000815676479510863e+00
2.187897734984289855e+00 1.006714024287292730e+00
2.188161943195154890e+00 9.972935890468913600e-01
2.188426151406019926e+00 9.986085499226906581e-01
2.188690359616884962e+00 9.973503637004141886e-01
2.188954567827749997e+00 9.904357792085548562e-01
2.189218776038615033e+00 9.557184453904848942e-01
2.189482984249480069e+00 1.018665503401892547e+00
2.189747192460345104e+00 1.021369904499671799e+00
2.190011400671210140e+00 1.022407567761601355e+00
2.190275608882075176e+00 1.023259572398117712e+00
2.190539817092940211e+00 1.017385101462777275e+00
2.190804025303805247e+00 9.949486101574250840e-01
2.191068460888345726e+00 9.720105990319872769e-01
2.191332669099210761e+00 1.013093992658541165e+00
2.191596877310075797e+00 1.028781252638705679e+00
2.191861085520940833e+00 1.021368064893107386e+00
2.192125293731805868e+00 1.023475078525136528e+00
2.192389501942670904e+00 1.033825571010198008e+00
2.192653710153535940e+00 1.031563286218773356e+00
2.192917918364400975e+00 1.024533252362113567e+00
2.193182126575266011e+00 1.031922895874635593e+00
2.193446334786131047e+00 1.031351384587532838e+00
2.193710542996996082e+00 1.022674280821119774e+00
2.193974751207861118e+00 1.018088811866189269e+00
2.194238959418726154e+00 1.020054121700638694e+00
2.194503167629591189e+00 1.021552144251487215e+00
2.194767375840456225e+00 1.014273379423933363e+00
2.195031584051321261e+00 1.006649207012604075e+00
2.195295792262186296e+00 1.005257821773282823e+00
2.195560000473051332e+00 1.015246670466787071e+00
2.195824208683916368e+00 1.017267837213797987e+00
2.196088416894781403e+00 1.015724397636388554e+00
2.196352625105646439e+00 1.003973960775226715e+00
2.196616833316511475e+00 1.009979677235608220e+00
2.196881041527376510e+00 1.014667252610917281e+00
2.197145249738241546e+00 1.012416697155468670e+00
2.197409457949106582e+00 1.018083183830407190e+00
2.197673666159971617e+00 1.023314328181960553e+00
2.197937874370836653e+00 1.006963608754699591e+00
2.198202082581701688e+00 9.983653256486085814e-01
2.198466290792566724e+00 1.005515253077498672e+00
2.198730726377107203e+00 9.974252820772571138e-01
2.198994934587972239e+00 9.953557871973184312e-01
2.199259142798837274e+00 1.008254884947352270e+00
2.199523351009702310e+00 1.010993372761117115e+00
2.199787559220567346e+00 1.002815796356574474e+00
2.200051767431432381e+00 9.857505632332069778e-01
2.200315975642297417e+00 9.994123121339747451e-01
2.200580183853162453e+00 9.960255861411749789e-01
2.200844392064027488e+00 9.953805499982661953e-01
2.201108600274892524e+00 9.929272945894318525e-01
2.201372808485757560e+00 1.000524509943654827e+00
2.201637016696622595e+00 9.625570450333377215e-01
2.201901224907487631e+00 9.554349904561346696e-01
2.202165433118352666e+00 9.930067891286742388e-01
2.202429641329217702e+00 9.882594193071686517e-01
2.202693849540082738e+00 9.799951781055826761e-01
2.202958057750947773e+00 9.841477580247971479e-01
2.203222265961812809e+00 9.857276621290080865e-01
2.203486474172677845e+00 9.518464765010855588e-01
2.203750682383542880e+00 9.446218639541569262e-01
2.204014890594407916e+00 9.886720342669683692e-01
2.204279098805272952e+00 9.975805753336510762e-01
2.204543307016137987e+00 9.953207562900642236e-01
2.204807515227003023e+00 1.008209992959832935e+00
2.205071723437868059e+00 1.021857661709634657e+00
2.205335931648733094e+00 1.015357005856538875e+00
2.205600139859598130e+00 1.022057994650553692e+00
2.205864348070463166e+00 1.022683052397174164e+00
2.206128556281328201e+00 9.682177672825871273e-01
2.206392764492193237e+00 8.976202464020268668e-01
2.206657200076733716e+00 9.255381288990754962e-01
2.206921408287598751e+00 9.383745758113005708e-01
2.207185616498463787e+00 9.797454450491922540e-01
2.207449824709328823e+00 9.249070216291155333e-01
2.207714032920193858e+00 9.264584040411827370e-01
2.207978241131058894e+00 9.485508964387459052e-01
2.208242449341923930e+00 9.926175536267241029e-01
2.208506657552788965e+00 9.972801859635658239e-01
2.208770865763654001e+00 1.016528253574131790e+00
2.209035073974519037e+00 1.011906685747418599e+00
2.209299282185384072e+00 1.001410922918238189e+00
2.209563490396249108e+00 9.575820218241338777e-01
2.209827698607114144e+00 9.755503824249471823e-01
2.210091906817979179e+00 9.952116659302835400e-01
2.210356115028844215e+00 9.924503926512024954e-01
2.210620323239709251e+00 1.009928112332071137e+00
2.210884531450574286e+00 1.018769862536688331e+00
2.211148739661439322e+00 1.003478527749270599e+00
2.211412947872304358e+00 1.003992941794207505e+00
2.211677156083169393e+00 1.016027974608591400e+00
2.211941364294034429e+00 1.007499916890431058e+00
2.212205572504899465e+00 1.009944131406369516e+00
2.212469780715764500e+00 1.019723895991553775e+00
2.212733988926629536e+00 1.025493478664183611e+00
2.212998197137494572e+00 1.026249783192188847e+00
2.213262405348359607e+00 1.030602732556115120e+00
2.213526613559224643e+00 1.025281465900072186e+00
2.213790821770089678e+00 1.022287039322982150e+00
2.214055029980954714e+00 1.021257914090725860e+00
2.214319465565495193e+00 1.020763912414114793e+00
2.214583673776360229e+00 1.006536370216223109e+00
2.214847881987225264e+00 1.005926725499843633e+00
2.215112090198090300e+00 1.021652443882926642e+00
2.215376298408955336e+00 1.019645597313365792e+00
2.215640506619820371e+00 1.012400854496005698e+00
2.215904714830685407e+00 1.010368419749746005e+00
2.216168923041550443e+00 1.024814593301386578e+00
2.216433131252415478e+00 1.037102936440687406e+00
2.216697339463280514e+00 1.008539663114109697e+00
2.216961547674145550e+00 1.011596259326833724e+00
2.217225755885010585e+00 9.524985104943940462e-01
2.217489964095875621e+00 1.029975208848640911e+00
2.217754172306740656e+00 9.879798429814069527e-01
2.218018380517605692e+00 9.995296952786633105e-01
2.218282588728470728e+00 1.018453948448756918e+00
2.218546796939335763e+00 1.017325109506660441e+00
2.218811005150200799e+00 1.018055028880042956e+00
2.219075213361065835e+00 1.014413655115826707e+00
2.219339421571930870e+00 1.024880114009270482e+00
2.219603629782795906e+00 1.020881422957919282e+00
2.219867837993660942e+00 9.959664539463799482e-01
2.220132046204525977e+00 9.938304183117238066e-01
2.220396254415391013e+00 9.975460125440545056e-01
2.220660462626256049e+00 9.911501751168578789e-01
2.220924670837121084e+00 9.826336869278670116e-01
2.221188879047986120e+00 1.007603698101851686e+00
2.221453087258851156e+00 1.004053810650912482e+00
2.221717295469716191e+00 9.718649737055159443e-01
2.221981731054256670e+00 9.625867145625818244e-01
2.222245939265121706e+00 9.846097017269421769e-01
2.222510147475986741e+00 9.730496237355913403e-01
2.222774355686851777e+00 1.001361100554070127e+00
2.223038563897716813e+00 1.011413664599816853e+00
2.223302772108581848e+00 1.017417426253938828e+00
2.223566980319446884e+00 1.023202936926441931e+00
2.223831188530311920e+00 1.016877238964114527e+00
2.224095396741176955e+00 1.018507855167343434e+00
2.224359604952041991e+00 1.015262112511034154e+00
2.224623813162907027e+00 9.745792849412295844e-01
2.224888021373772062e+00 9.897599698067562901e-01
2.225152229584637098e+00 1.006768367110580709e+00
2.225416437795502134e+00 1.005952011789498224e+00
2.225680646006367169e+00 1.008939034742993401e+00
2.225944854217232205e+00 1.014367240141830218e+00
2.226209062428097241e+00 1.023732603417044196e+00
2.226473270638962276e+00 1.025674167931275971e+00
2.226737478849827312e+00 1.000890963433879621e+00
2.227001687060692348e+00 9.547924591984240372e-01
2.227265895271557383e+00 9.504379362415780186e-01
2.227530103482422419e+00 9.820937721446660884e-01
2.227794311693287455e+00 9.520315385620342630e-01
2.228058519904152490e+00 9.177511646138017953e-01
2.228322728115017526e+00 9.642986617149517103e-01
2.228586936325882562e+00 9.871038679439536612e-01
2.228851144536747597e+00 9.718425165912900621e-01
2.229115352747612633e+00 1.004601520776183365e+00
2.229379560958477668e+00 1.011543383100227844e+00
2.229643769169342704e+00 1.001404309413631344e+00
2.229908204753883183e+00 1.006785080209260608e+00
2.230172412964748219e+00 1.028605829069894950e+00
2.230436621175613254e+00 1.021206205898530950e+00
2.230700829386478290e+00 1.004528621276808087e+00
2.230965037597343326e+00 9.925815496505960844e-01
2.231229245808208361e+00 9.791993674162259298e-01
2.231493454019073397e+00 9.905123477081270167e-01
2.231757662229938433e+00 1.016551045846971757e+00
2.232021870440803468e+00 1.021961128067793378e+00
2.232286078651668504e+00 9.900284746303948946e-01
2.232550286862533540e+00 9.790786970506311082e-01
2.232814495073398575e+00 1.011182078167739862e+00
2.233078703284263611e+00 1.024403634708416222e+00
2.233342911495128646e+00 1.009581980180777272e+00
2.233607119705993682e+00 9.990171537141707692e-01
2.233871327916858718e+00 9.974242491928788645e-01
2.234135536127723753e+00 9.970616137397971812e-01
2.234399744338588789e+00 1.022920858586069848e+00
2.234663952549453825e+00 1.027082681195455427e+00
2.234928160760318860e+00 1.020732352182760483e+00
2.235192368971183896e+00 1.008726048783829876e+00
2.235456577182048932e+00 9.928861994524421641e-01
2.235720785392913967e+00 1.000279705129437868e+00
2.235984993603779003e+00 9.913574755517631232e-01
2.236249201814644039e+00 9.832004775270802854e-01
2.236513410025509074e+00 9.930400881779857247e-01
2.236777618236374110e+00 1.001249495269988188e+00
2.237041826447239146e+00 9.958173951302068394e-01
2.237306034658104181e+00 9.972727057685970564e-01
2.237570470242644660e+00 1.013208795151214758e+00
2.237834678453509696e+00 1.016944663132115512e+00
2.238098886664374731e+00 1.015264781957386342e+00
2.238363094875239767e+00 1.012206314769537707e+00
2.238627303086104803e+00 1.016574361841731555e+00
2.238891511296969838e+00 1.006494811138216372e+00
2.239155719507834874e+00 9.705599592677228715e-01
2.239419927718699910e+00 9.581065107575843509e-01
2.239684135929564945e+00 9.746695647856193911e-01
2.239948344140429981e+00 9.916705925889430784e-01
2.240212552351295017e+00 9.973018334252909955e-01
2.240476760562160052e+00 9.738585142068074685e-01
2.240740968773025088e+00 9.547695507941418303e-01
2.241005176983890124e+00 9.877805878026417741e-01
2.241269385194755159e+00 1.014741862426218999e+00
2.241533593405620195e+00 1.027188309082500917e+00
2.241797801616485231e+00 1.022558699662214243e+00
2.242062009827350266e+00 1.006816074998925892e+00
2.242326218038215302e+00 9.789428502151008571e-01
2.242590426249080338e+00 9.578141274157033758e-01
2.242854634459945373e+00 9.748296005941287090e-01
2.243118842670810409e+00 9.788940949757012344e-01
2.243383050881675445e+00 9.660396378288529373e-01
2.243647259092540480e+00 9.856003908727488660e-01
2.243911467303405516e+00 9.992002223478848588e-01
2.244175675514270552e+00 9.818518642831073340e-01
2.244439883725135587e+00 9.773556777121478190e-01
2.244704091936000623e+00 1.008391954321766759e+00
2.244968300146865658e+00 1.011424365792439328e+00
2.245232735731406137e+00 1.008216161277375233e+00
2.245496943942271173e+00 9.907764538635928098e-01
2.245761152153136209e+00 9.826764126103806340e-01
2.246025360364001244e+00 1.004288420754215316e+00
2.246289568574866280e+00 1.011528337199036676e+00
2.246553776785731316e+00 1.008059376952900266e+00
2.246817984996596351e+00 1.019569994693774406e+00
2.247082193207461387e+00 1.014692170417365924e+00
2.247346401418326423e+00 9.790457251064313970e-01
2.247610609629191458e+00 9.825705485565564556e-01
2.247874817840056494e+00 1.009231830334541780e+00
2.248139026050921530e+00 1.004442458375907066e+00
2.248403234261786565e+00 9.809476316022386344e-01
2.248667442472651601e+00 9.859413722264702695e-01
2.248931650683516636e+00 1.006286868931174583e+00
2.249195858894381672e+00 1.010167170063133613e+00
2.249460067105246708e+00 1.017944601817931227e+00
2.249724275316111743e+00 1.023377730994176726e+00
2.249988483526976779e+00 1.011653491697036555e+00
2.250252691737841815e+00 9.852438076389973265e-01
2.250516899948706850e+00 9.706996216250218801e-01
2.250781108159571886e+00 9.663970401598981352e-01
2.251045316370436922e+00 9.964937466755839912e-01
2.251309524581301957e+00 1.021083546182506518e+00
2.251573732792166993e+00 1.028225467336967736e+00
2.251837941003032029e+00 1.011017344650152472e+00
2.252102149213897064e+00 1.003873045741237924e+00
2.252366357424762100e+00 9.820690418222539630e-01
2.252630565635627136e+00 9.953846567894821806e-01
2.252895001220167615e+00 1.029723061327620925e+00
2.253159209431032650e+00 1.003069188761659403e+00
2.253423417641897686e+00 9.980087530166057430e-01
2.253687625852762721e+00 9.914578020771536160e-01
2.253951834063627757e+00 1.026903659273767921e+00
2.254216042274492793e+00 1.005344574527285539e+00
2.254480250485357828e+00 9.809988714581192593e-01
2.254744458696222864e+00 1.006793430643357246e+00
2.255008666907087900e+00 9.811571686828115535e-01
2.255272875117952935e+00 1.005891406015641421e+00
2.255537083328817971e+00 9.922836000797382594e-01
2.255801291539683007e+00 9.875494724028929250e-01
2.256065499750548042e+00 1.024171645399734931e+00
2.256329707961413078e+00 1.016519916664919032e+00
2.256593916172278114e+00 1.007942613023130818e+00
2.256858124383143149e+00 9.948841964701026219e-01
2.257122332594008185e+00 9.894573881986595820e-01
2.257386540804873221e+00 1.012721797077886565e+00
2.257650749015738256e+00 9.948934666385633729e-01
2.257914957226603292e+00 1.018047371283916425e+00
2.258179165437468328e+00 1.011914520932703621e+00
2.258443373648333363e+00 9.952627996845277991e-01
2.258707581859198399e+00 9.866336476812904710e-01
2.258971790070063435e+00 1.004335719718094877e+00
2.259235998280928470e+00 9.823484532351361986e-01
2.259500206491793506e+00 1.005587262389935121e+00
2.259764414702658542e+00 1.037687631286189127e+00
2.260028622913523577e+00 1.034748387470743936e+00
2.260292831124388613e+00 1.017459648675685058e+00
2.260557039335253648e+00 1.012108729917154282e+00
2.260821474919794127e+00 1.014022499931073629e+00
2.261085683130659163e+00 1.007119691334352085e+00
2.261349891341524199e+00 1.016831478083066509e+00
2.261614099552389234e+00 1.024043521649302679e+00
2.261878307763254270e+00 9.908733894118877394e-01
2.262142515974119306e+00 9.610194227995213501e-01
2.262406724184984341e+00 9.965319114811560519e-01
2.262670932395849377e+00 9.941901221987791137e-01
2.262935140606714413e+00 9.763929924254288739e-01
2.263199348817579448e+00 9.659959988613916471e-01
2.263463557028444484e+00 9.609660949878781055e-01
2.263727765239309520e+00 9.423297160539680917e-01
2.263991973450174555e+00 9.441776838247460946e-01
2.264256181661039591e+00 9.911340711725502572e-01
2.264520389871904626e+00 9.824627835670566300e-01
2.264784598082769662e+00 9.829361680881616437e-01
2.265048806293634698e+00 9.732750337744856539e-01
2.265313014504499733e+00 9.573980495338169083e-01
2.265577222715364769e+00 9.321060375931077280e-01
2.265841430926229805e+00 9.976182568408169526e-01
2.266105639137094840e+00 9.957796719215803449e-01
2.266369847347959876e+00 9.312625521033921494e-01
2.266634055558824912e+00 9.411626279841677212e-01
2.266898263769689947e+00 9.436314688662498229e-01
2.267162471980554983e+00 9.468136929179812311e-01
2.267426680191420019e+00 9.774380368693226240e-01
2.267690888402285054e+00 9.911656484443200910e-01
2.267955096613150090e+00 1.016291880320108199e+00
2.268219304824015126e+00 1.022962856413520027e+00
2.268483740408555605e+00 9.989308293343012179e-01
2.268747948619420640e+00 9.606097103745590005e-01
2.269012156830285676e+00 9.685172459135842349e-01
2.269276365041150711e+00 9.825169569301022143e-01
2.269540573252015747e+00 9.833226063152874508e-01
2.269804781462880783e+00 1.011984768421055225e+00
2.270068989673745818e+00 1.027304058958245836e+00
2.270333197884610854e+00 1.015533965699126018e+00
2.270597406095475890e+00 1.010850110923044554e+00
2.270861614306340925e+00 9.627473832185708957e-01
2.271125822517205961e+00 9.500871445073235666e-01
2.271390030728070997e+00 9.801889349292060016e-01
2.271654238938936032e+00 1.005792042600812675e+00
2.271918447149801068e+00 9.855362093292105996e-01
2.272182655360666104e+00 1.032752610290513351e+00
2.272446863571531139e+00 1.011908613008750457e+00
2.272711071782396175e+00 9.591264155607790443e-01
2.272975279993261211e+00 9.522734802086283423e-01
2.273239488204126246e+00 9.965372088008306317e-01
2.273503696414991282e+00 1.015550118981997318e+00
2.273767904625856318e+00 9.966378688946012643e-01
2.274032112836721353e+00 1.008358974771314198e+00
2.274296321047586389e+00 1.028013727898249963e+00
2.274560529258451425e+00 1.040961477351127984e+00
2.274824737469316460e+00 1.023918905845056404e+00
2.275088945680181496e+00 1.033012030411902371e+00
2.275353153891046531e+00 9.490107439462064365e-01
2.275617362101911567e+00 9.852427026212923211e-01
2.275881570312776603e+00 1.007081885103285446e+00
2.276146005897317082e+00 1.012839279754842226e+00
2.276410214108182117e+00 1.018446366585360252e+00
2.276674422319047153e+00 1.000511769191578582e+00
2.276938630529912189e+00 9.936231203841552340e-01
2.277202838740777224e+00 1.001660305394678208e+00
2.277467046951642260e+00 1.006958216134606010e+00
2.277731255162507296e+00 1.023488204076143937e+00
2.277995463373372331e+00 1.035937065043005978e+00
2.278259671584237367e+00 1.032939556422937111e+00
2.278523879795102403e+00 1.023135530198100884e+00
2.278788088005967438e+00 1.035917000152806411e+00
2.279052296216832474e+00 1.010169603941251770e+00
2.279316504427697510e+00 9.822852666776511477e-01
2.279580712638562545e+00 9.989164986323600948e-01
2.279844920849427581e+00 1.007005928830258634e+00
2.280109129060292616e+00 1.004379458321533081e+00
2.280373337271157652e+00 9.932568941899084791e-01
2.280637545482022688e+00 9.530667051200332196e-01
2.280901753692887723e+00 9.462899034774100437e-01
2.281165961903752759e+00 9.357291146399411286e-01
2.281430170114617795e+00 9.126678586250774883e-01
2.281694378325482830e+00 9.525671498726371311e-01
2.281958586536347866e+00 9.280694750472054944e-01
2.282222794747212902e+00 9.919673825472984374e-01
2.282487002958077937e+00 1.021571938086254461e+00
2.282751211168942973e+00 1.024256457352791694e+00
2.283015419379808009e+00 1.003116664602594188e+00
2.283279627590673044e+00 9.884452764324896945e-01
2.283543835801538080e+00 1.017233268154875470e+00
2.283808044012403116e+00 1.006224669024007978e+00
2.284072479596943595e+00 9.842286588840777339e-01
2.284336687807808630e+00 9.838989884874732583e-01
2.284600896018673666e+00 9.835129152327553026e-01
2.284865104229538701e+00 9.906189657278069438e-01
2.285129312440403737e+00 9.592943677284410109e-01
2.285393520651268773e+00 9.644464760790113500e-01
2.285657728862133808e+00 9.965991774104022705e-01
2.285921937072998844e+00 1.000772321864926262e+00
2.286186145283863880e+00 1.018513247087467599e+00
2.286450353494728915e+00 1.003173139132096159e+00
2.286714561705593951e+00 9.970910338492583458e-01
2.286978769916458987e+00 9.929427242997135306e-01
2.287242978127324022e+00 1.004474656699842594e+00
2.287507186338189058e+00 1.002633530919881943e+00
2.287771394549054094e+00 9.980382054278075232e-01
2.288035602759919129e+00 9.910393523091867163e-01
2.288299810970784165e+00 9.990004806612708954e-01
2.288564019181649201e+00 1.015395262010645672e+00
2.288828227392514236e+00 1.022226295735011892e+00
2.289092435603379272e+00 1.027056031789669088e+00
2.289356643814244308e+00 1.020739381938873480e+00
2.289620852025109343e+00 1.025538099305387529e+00
2.289885060235974379e+00 1.020348659569968230e+00
2.290149268446839415e+00 1.006472273705116827e+00
2.290413476657704450e+00 9.989806672331422721e-01
2.290677684868569486e+00 9.961527577765380004e-01
2.290941893079434521e+00 9.736977522200390700e-01
2.291206101290299557e+00 9.862094022047909192e-01
2.291470309501164593e+00 1.002934474659704422e+00
2.291734745085705072e+00 9.599617665078287176e-01
2.291998953296570107e+00 9.483178926540586362e-01
2.292263161507435143e+00 9.696568906896400053e-01
2.292527369718300179e+00 9.592993311183987126e-01
2.292791577929165214e+00 9.685601889774821949e-01
2.293055786140030250e+00 9.892866521652635692e-01
2.293319994350895286e+00 1.021168934933522676e+00
2.293584202561760321e+00 1.007439488435801334e+00
2.293848410772625357e+00 9.546267418663171300e-01
2.294112618983490393e+00 8.153125409827849390e-01
2.294376827194355428e+00 6.965013315349779521e-01
2.294641035405220464e+00 7.237092351983712701e-01
2.294905243616085500e+00 7.543759048367626452e-01
2.295169451826950535e+00 7.632751432034007300e-01
2.295433660037815571e+00 7.770923282090828055e-01
2.295697868248680606e+00 7.940188809162128658e-01
2.295962076459545642e+00 8.070303622381611586e-01
2.296226284670410678e+00 8.095468530687731645e-01
2.296490492881275713e+00 8.331045804149220801e-01
2.296754701092140749e+00 8.539879473588091185e-01
2.297018909303005785e+00 8.363702161475405905e-01
2.297283117513870820e+00 8.133946578243193004e-01
2.297547325724735856e+00 8.186334383130243753e-01
2.297811533935600892e+00 8.267653935075343075e-01
2.298075742146465927e+00 8.800759589661999449e-01
2.298339950357330963e+00 8.967802290920051655e-01
2.298604158568195999e+00 8.560756866915503194e-01
2.298868366779061034e+00 8.496018962553860687e-01
2.299132574989926070e+00 8.371423046736392592e-01
2.299397010574466549e+00 9.005330401392468431e-01
2.299661218785331585e+00 8.437798843799516613e-01
2.299925426996196620e+00 8.101439857188471594e-01
2.300189635207061656e+00 8.963009965418542446e-01
2.300453843417926691e+00 8.875388381523615644e-01
2.300718051628791727e+00 9.356422735338156826e-01
2.300982259839656763e+00 9.247369830046644479e-01
2.301246468050521798e+00 8.577199753334451282e-01
2.301510676261386834e+00 9.144106329367853725e-01
2.301774884472251870e+00 8.823008925391774282e-01
2.302039092683116905e+00 8.268816018018325664e-01
2.302303300893981941e+00 9.254235578917594518e-01
2.302567509104846977e+00 9.102379919211791570e-01
2.302831717315712012e+00 8.773756515089636832e-01
2.303095925526577048e+00 9.437817620267724417e-01
2.303360133737442084e+00 8.976149544595525276e-01
2.303624341948307119e+00 8.490680515112714044e-01
2.303888550159172155e+00 9.345101247464960847e-01
2.304152758370037191e+00 9.509306759169672274e-01
2.304416966580902226e+00 8.557945639932981186e-01
2.304681174791767262e+00 8.859382966958775363e-01
2.304945383002632298e+00 9.680773253988957938e-01
2.305209591213497333e+00 9.193799053941089650e-01
2.305473799424362369e+00 8.565240384612495816e-01
2.305738007635227405e+00 9.248167887042799684e-01
2.306002215846092440e+00 9.135438126401780323e-01
2.306266424056957476e+00 7.932142406304111271e-01
2.306530632267822511e+00 8.267427691783689747e-01
2.306794840478687547e+00 9.702853784946900983e-01
2.307059048689552583e+00 9.649908407226095441e-01
2.307323484274093062e+00 8.441587978609943477e-01
2.307587692484958097e+00 8.524937911015550984e-01
2.307851900695823133e+00 9.504018101626307002e-01
2.308116108906688169e+00 8.992254280447605774e-01
2.308380317117553204e+00 7.986099384439258042e-01
2.308644525328418240e+00 8.603940443885470524e-01
2.308908733539283276e+00 9.708491107041391510e-01
2.309172941750148311e+00 9.794512617323419823e-01
2.309437149961013347e+00 8.812325104978254720e-01
2.309701358171878383e+00 8.753152707082000328e-01
2.309965566382743418e+00 9.454623456473073562e-01
2.310229774593608454e+00 8.998290924446908923e-01
2.310493982804473490e+00 8.143784927452545341e-01
2.310758191015338525e+00 8.405962684821172148e-01
2.311022399226203561e+00 9.606242217816678419e-01
2.311286607437068596e+00 1.018610369417454642e+00
2.311550815647933632e+00 9.585766364856544985e-01
2.311815023858798668e+00 8.259528694361176759e-01
2.312079232069663703e+00 8.603960863985364860e-01
2.312343440280528739e+00 9.331889842646119426e-01
2.312607648491393775e+00 9.942833265825854472e-01
2.312871856702258810e+00 9.181257137435407945e-01
2.313136064913123846e+00 8.624065269410476908e-01
2.313400273123988882e+00 9.369170093257700449e-01
2.313664481334853917e+00 9.914122802087403930e-01
2.313928689545718953e+00 9.851931612112144743e-01
2.314192897756583989e+00 8.710552054238885900e-01
2.314457105967449024e+00 8.733878939676392728e-01
2.314721314178314060e+00 9.097237731955213347e-01
2.314985749762854539e+00 9.451108430317148867e-01
2.315249957973719575e+00 8.973802796830377959e-01
2.315514166184584610e+00 7.998859372800836143e-01
2.315778374395449646e+00 8.576027424991221615e-01
2.316042582606314681e+00 9.619622991698472125e-01
2.316306790817179717e+00 9.971216903851519708e-01
2.316570999028044753e+00 9.757257383331821021e-01
2.316835207238909788e+00 8.580994753550627019e-01
2.317099415449774824e+00 8.441401203819373089e-01
2.317363623660639860e+00 9.268612436519909625e-01
2.317627831871504895e+00 9.372229340166157163e-01
2.317892040082369931e+00 9.191347259015141269e-01
2.318156248293234967e+00 8.136732843475783516e-01
2.318420456504100002e+00 8.156501544530290193e-01
2.318684664714965038e+00 9.488372494203894947e-01
2.318948872925830074e+00 9.631180854337449970e-01
2.319213081136695109e+00 9.574307930539737166e-01
2.319477289347560145e+00 9.189328722732814647e-01
2.319741497558425181e+00 8.359271112199184728e-01
2.320005705769290216e+00 9.075417513891221866e-01
2.320269913980155252e+00 9.748206948577525788e-01
2.320534122191020288e+00 9.690876501223121275e-01
2.320798330401885323e+00 9.406599993376677515e-01
2.321062538612750359e+00 8.441742645670501366e-01
2.321326746823615395e+00 8.566689346101791225e-01
2.321590955034480430e+00 9.803320843727705292e-01
2.321855163245345466e+00 9.774842164486555740e-01
2.322119371456210501e+00 9.536071066150790809e-01
2.322383579667075537e+00 8.986574398454930668e-01
2.322648015251616016e+00 7.794301633958019560e-01
2.322912223462481052e+00 8.272196658426765881e-01
2.323176431673346087e+00 8.111939834637694746e-01
2.323440639884211123e+00 7.151788753924684938e-01
2.323704848095076159e+00 6.992420067355422653e-01
2.323969056305941194e+00 6.910186754802246645e-01
2.324233264516806230e+00 6.705347593553742103e-01
2.324497472727671266e+00 7.466697693306035832e-01
2.324761680938536301e+00 8.147385413642180829e-01
2.325025889149401337e+00 8.529612447769114869e-01
2.325290097360266373e+00 8.556876776357085213e-01
2.325554305571131408e+00 8.259246616460428347e-01
2.325818513781996444e+00 7.968508969454058954e-01
2.326082721992861480e+00 8.638548573673400233e-01
2.326346930203726515e+00 8.860488146241661811e-01
2.326611138414591551e+00 8.772288818829613311e-01
2.326875346625456586e+00 8.558352449789277117e-01
2.327139554836321622e+00 8.545407890546532492e-01
2.327403763047186658e+00 8.192096831969626347e-01
2.327667971258051693e+00 8.888951812389621621e-01
2.327932179468916729e+00 9.020632747044193822e-01
2.328196387679781765e+00 8.724650358449297372e-01
2.328460595890646800e+00 8.410961575097940512e-01
2.328724804101511836e+00 7.776140254010169839e-01
2.328989012312376872e+00 7.539462778650024566e-01
2.329253220523241907e+00 7.778609999078274218e-01
2.329517428734106943e+00 8.786446627737296566e-01
2.329781636944971979e+00 9.397142951572381442e-01
2.330045845155837014e+00 8.908077160867339250e-01
2.330310053366702050e+00 8.882508270470613754e-01
2.330574488951242529e+00 8.538527304694903952e-01
2.330838697162107565e+00 7.267582323114584186e-01
2.331102905372972600e+00 7.685651743061698848e-01
2.331367113583837636e+00 8.699332854207544319e-01
2.331631321794702671e+00 8.791190454043913416e-01
2.331895530005567707e+00 8.738531337362496210e-01
2.332159738216432743e+00 8.895805536788851109e-01
2.332423946427297778e+00 8.112260376098472392e-01
2.332688154638162814e+00 8.590499043583822436e-01
2.332952362849027850e+00 9.908198904019149822e-01
2.333216571059892885e+00 9.614988527755424785e-01
2.333480779270757921e+00 8.851655688009123502e-01
2.333744987481622957e+00 9.531050968515861754e-01
2.334009195692487992e+00 9.387092409299231388e-01
2.334273403903353028e+00 7.993868607064030796e-01
2.334537612114218064e+00 8.583553700769693817e-01
2.334801820325083099e+00 9.677327251411500519e-01
2.335066028535948135e+00 9.721908556353756614e-01
2.335330236746813171e+00 9.142560502327391481e-01
2.335594444957678206e+00 9.318442760036633743e-01
2.335858653168543242e+00 9.225154554379206839e-01
2.336122861379408278e+00 7.745379421395321984e-01
2.336387069590273313e+00 7.811240253596465344e-01
2.336651277801138349e+00 9.398067841712987036e-01
2.336915486012003385e+00 9.885768317475878142e-01
2.337179694222868420e+00 9.108917564225684771e-01
2.337443902433733456e+00 8.568465359319801244e-01
2.337708110644598491e+00 8.810791130863844245e-01
2.337972318855463527e+00 8.375054543006942298e-01
2.338236754440004006e+00 8.712610256900162886e-01
2.338500962650869042e+00 8.706167186826910820e-01
2.338765170861734077e+00 9.198469443154910774e-01
2.339029379072599113e+00 9.523365068586924220e-01
2.339293587283464149e+00 9.354867699977711393e-01
