2.147736927855829592e+00 1.010139963858678103e+00
2.148001136066694627e+00 1.023317755334998802e+00
2.148265344277559663e+00 1.010012483809629602e+00
2.148529552488424699e+00 9.861961533624638010e-01
2.148793760699289734e+00 9.927385289607604246e-01
2.149057968910154770e+00 1.013898958386083127e+00
2.149322177121019806e+00 9.957563828799594896e-01
2.149586385331884841e+00 9.683323373447034754e-01
2.149850593542749877e+00 9.733170999061807604e-01
2.150114801753614913e+00 9.814058965470506823e-01
2.150379009964479948e+00 9.711081190451550382e-01
2.150643218175344984e+00 9.521249186708031775e-01
2.150907426386210020e+00 9.413391537029355272e-01
2.151171634597075055e+00 9.712436884339924470e-01
2.151435842807940091e+00 1.003602378531560646e+00
2.151700051018805127e+00 1.007434765312148928e+00
2.151964259229670162e+00 1.025608651403505656e+00
2.152228694814210641e+00 1.036123739269984023e+00
2.152492903025075677e+00 9.746600378449895574e-01
2.152757111235940712e+00 9.470130252063723164e-01
2.153021319446805748e+00 9.852020084032507841e-01
2.153285527657670784e+00 9.995845150981469418e-01
2.153549735868535819e+00 9.495136235494134880e-01
2.153813944079400855e+00 9.399969034297009918e-01
2.154078152290265891e+00 9.681740174767744511e-01
2.154342360501130926e+00 1.026316614934009497e+00
2.154606568711995962e+00 1.036291210692558584e+00
2.154870776922860998e+00 9.842328223397281972e-01
2.155134985133726033e+00 9.827494611504555833e-01
2.155399193344591069e+00 1.012024214927203625e+00
2.155663401555456105e+00 1.011674239865103964e+00
2.155927609766321140e+00 1.011488689236219374e+00
2.156191817977186176e+00 1.017084532653126150e+00
2.156456026188051212e+00 9.850787865571443147e-01
2.156720234398916247e+00 9.807318244014382458e-01
2.156984442609781283e+00 9.893743455871726322e-01
2.157248650820646318e+00 9.941975292252990259e-01
2.157512859031511354e+00 9.703206680456554212e-01
2.157777067242376390e+00 9.782315672915131710e-01
2.158041275453241425e+00 1.023510314256508069e+00
2.158305483664106461e+00 1.032318148519453693e+00
2.158569691874971497e+00 1.023041299257393399e+00
2.158833900085836532e+00 1.029791856390080529e+00
2.159098108296701568e+00 1.041288137227493138e+00
2.159362316507566604e+00 1.019649736284992558e+00
2.159626524718431639e+00 9.908237440947393893e-01
2.159890732929296675e+00 9.714573923060124683e-01
2.160155168513837154e+00 9.624989941930797155e-01
2.160419376724702190e+00 9.728557481572515098e-01
2.160683584935567225e+00 9.801128054032989256e-01
2.160947793146432261e+00 9.896148398973017013e-01
2.161212001357297297e+00 9.937302293326374381e-01
2.161476209568162332e+00 1.014844184849605480e+00
2.161740417779027368e+00 1.032857513522724258e+00
2.162004625989892403e+00 1.038550481780891266e+00
2.162268834200757439e+00 1.021556266562848370e+00
2.162533042411622475e+00 9.951940685261451147e-01
2.162797250622487510e+00 9.680528538812043227e-01
2.163061458833352546e+00 9.790274380277140809e-01
2.163325667044217582e+00 1.007961999180328361e+00
2.163589875255082617e+00 9.968547323891168155e-01
2.163854083465947653e+00 9.579973366790358602e-01
2.164118291676812689e+00 9.777267364369488511e-01
2.164382499887677724e+00 1.009774086692779571e+00
2.164646708098542760e+00 1.001800110249706055e+00
2.169138475056923809e+00 1.030799870779087746e+00
2.169402683267788845e+00 1.042661846610862808e+00
2.169666891478653881e+00 1.053694886505806227e+00
2.169931099689518916e+00 1.042730036398975768e+00
2.170195307900383952e+00 9.956583239053238277e-01
2.170459516111248988e+00 1.047840188951852491e+00
2.170723724322114023e+00 1.025472169824312996e+00
2.170987932532979059e+00 9.889175341059137647e-01
2.171252140743844095e+00 9.733720145601436613e-01
2.171516348954709130e+00 9.818155282935771000e-01
2.171780557165574166e+00 1.008799000765964182e+00
2.172044765376439202e+00 1.002390430406030486e+00
2.172308973587304237e+00 1.039327936664521168e+00
2.172573181798169273e+00 1.057547844462317643e+00
2.172837390009034308e+00 1.052736316724162569e+00
2.173101598219899344e+00 1.039117908011019109e+00
2.173365806430764380e+00 1.007529415672122841e+00
2.173630014641629415e+00 9.852241618371384568e-01
2.173894222852494451e+00 9.860362744620220221e-01
2.174158431063359487e+00 9.838280293826566769e-01
2.174422639274224522e+00 9.879982456912635991e-01
2.174686847485089558e+00 1.003123768967442375e+00
2.174951055695954594e+00 9.937543884003432471e-01
2.175215263906819629e+00 1.032286215007836461e+00
2.175479699491360108e+00 1.058900683491478478e+00
2.175743907702225144e+00 1.058196351411962333e+00
2.176008115913090180e+00 1.052619092508573440e+00
2.176272324123955215e+00 1.054031527034074101e+00
2.176536532334820251e+00 1.033455434478420365e+00
2.176800740545685287e+00 9.625805823191083688e-01
2.177064948756550322e+00 9.444132917342140665e-01
2.177329156967415358e+00 9.951352541378634120e-01
2.177593365178280393e+00 1.001839547889317616e+00
2.177857573389145429e+00 9.985793022580965461e-01
2.178121781600010465e+00 9.993984291448881896e-01
2.178385989810875500e+00 1.015742675615081803e+00
2.178650198021740536e+00 1.010766121993610822e+00
2.178914406232605572e+00 9.686238412921489571e-01
2.179178614443470607e+00 9.919961687754663693e-01
2.179442822654335643e+00 9.536018266824571876e-01
2.179707030865200679e+00 9.537076272255055054e-01
2.179971239076065714e+00 9.536640087760537288e-01
2.180235447286930750e+00 9.992175976506387780e-01
2.180499655497795786e+00 1.022919287503703201e+00
2.180763863708660821e+00 9.866051944970705145e-01
2.181028071919525857e+00 9.890277131581949321e-01
2.181292280130390893e+00 1.027654612534865786e+00
2.181556488341255928e+00 1.034199255962997333e+00
2.181820696552120964e+00 1.046916345766094159e+00
2.182084904762986000e+00 1.050157806651553116e+00
2.182349112973851035e+00 1.013196510754185153e+00
2.182613321184716071e+00 9.998930842668353192e-01
2.182877529395581107e+00 9.606866208321951373e-01
2.183141737606446142e+00 9.538442258885128089e-01
2.183406173190986621e+00 9.964594151013748125e-01
2.183670381401851657e+00 1.021445563472382245e+00
2.183934589612716692e+00 1.001465899690396677e+00
2.184198797823581728e+00 1.007749427608063186e+00
2.184463006034446764e+00 1.019256682087147370e+00
2.184727214245311799e+00 1.023142741316278581e+00
2.184991422456176835e+00 1.017686563643849240e+00
2.185255630667041871e+00 1.023452412956349145e+00
2.185519838877906906e+00 9.941393965970332092e-01
2.185784047088771942e+00 9.857345895950927472e-01
2.186048255299636978e+00 9.778481819678142006e-01
2.186312463510502013e+00 9.900336747897926504e-01
2.186576671721367049e+00 9.811489958534527211e-01
2.186840879932232085e+00 9.617762234412344791e-01
2.187105088143097120e+00 9.592124773463649445e-01
2.187369296353962156e+00 9.842648106943441277e-01
2.187633504564827192e+00 1.014917148727048302e+00
2.187897712775692227e+00 1.004081183665992860e+00
2.188161920986557263e+00 9.769263430501620160e-01
2.188426129197422298e+00 9.902369391415333233e-01
2.188690337408287334e+00 1.023629985689736177e+00
2.188954545619152370e+00 9.796097314359818453e-01
2.189218753830017405e+00 1.025477237873732905e+00
2.189482962040882441e+00 1.040252409199893258e+00
2.189747170251747477e+00 1.038323658277443773e+00
2.190011378462612512e+00 1.028121879389537918e+00
2.190275586673477548e+00 1.037815926404857203e+00
2.190539794884342584e+00 1.039459157985787030e+00
2.190804003095207619e+00 1.010114655628064684e+00
2.191068438679748098e+00 9.882906772769811665e-01
2.191332646890613134e+00 1.018369629474838778e+00
2.191596855101478170e+00 1.032313584074130208e+00
2.191861063312343205e+00 1.048853875933477786e+00
2.192125271523208241e+00 1.061541223645191101e+00
2.192389479734073277e+00 1.057520533213572644e+00
2.192653687944938312e+00 1.035816536796061449e+00
2.192917896155803348e+00 1.017759441982654112e+00
2.193182104366668383e+00 1.016094224611595598e+00
2.193446312577533419e+00 9.879045364465204315e-01
2.193710520788398455e+00 9.680264588275018234e-01
2.193974728999263490e+00 9.837259261064283944e-01
2.194238937210128526e+00 1.011880812213128422e+00
2.194503145420993562e+00 1.014127834381097770e+00
2.194767353631858597e+00 9.903288977114939051e-01
2.195031561842723633e+00 9.786020128531619511e-01
2.195295770053588669e+00 9.869280019025800099e-01
2.195559978264453704e+00 1.027920553817533778e+00
2.195824186475318740e+00 1.051892491050538503e+00
2.196088394686183776e+00 1.030489942035477613e+00
2.196352602897048811e+00 9.852774457026773902e-01
2.196616811107913847e+00 9.969514564611490215e-01
2.196881019318778883e+00 1.013586674628217610e+00
2.197145227529643918e+00 1.036260240219938566e+00
2.197409435740508954e+00 1.057354324931947476e+00
2.197673643951373990e+00 1.040410837329837745e+00
2.197937852162239025e+00 9.984365495116837019e-01
2.198202060373104061e+00 9.882930177618163281e-01
2.198466268583969097e+00 1.032673401108133771e+00
2.198730704168509575e+00 1.026893474654520633e+00
2.198994912379374611e+00 1.003493492800970666e+00
2.199259120590239647e+00 1.006738750589995179e+00
2.199523328801104682e+00 9.980504042182203328e-01
2.199787537011969718e+00 9.985013179137285366e-01
2.200051745222834754e+00 1.005506589584653776e+00
2.200315953433699789e+00 1.011308144209744464e+00
2.200580161644564825e+00 1.017487913882378470e+00
2.200844369855429861e+00 1.021189273731661462e+00
2.201108578066294896e+00 1.000493412084192180e+00
2.201372786277159932e+00 9.924045676693494800e-01
2.201636994488024968e+00 9.502152799324887766e-01
2.201901202698890003e+00 9.500489813605722533e-01
2.202165410909755039e+00 9.919137545834221248e-01
2.202429619120620075e+00 9.840370721316399338e-01
2.202693827331485110e+00 9.719891833562942507e-01
2.202958035542350146e+00 9.971879175465693246e-01
2.203222243753215182e+00 9.828404459697225315e-01
2.203486451964080217e+00 9.261846397814529341e-01
2.203750660174945253e+00 9.158943120704156060e-01
2.204014868385810288e+00 9.389343747721475841e-01
2.204279076596675324e+00 9.592499303265817900e-01
2.204543284807540360e+00 9.740840220642130731e-01
2.204807493018405395e+00 9.964459239114497047e-01
2.205071701229270431e+00 1.011231412023424037e+00
2.205335909440135467e+00 9.974403907084730125e-01
2.205600117651000502e+00 9.911049769401515386e-01
2.205864325861865538e+00 9.893084740110212882e-01
2.206128534072730574e+00 9.744360997390433266e-01
2.206392742283595609e+00 9.535149537720967183e-01
2.206657177868136088e+00 9.569450178325414891e-01
2.206921386079001124e+00 9.727121473027450227e-01
2.207185594289866160e+00 9.513301042450342804e-01
2.207449802500731195e+00 9.334910936831010142e-01
2.207714010711596231e+00 9.498939516059023980e-01
2.207978218922461267e+00 9.766521123929615689e-01
2.208242427133326302e+00 9.828799413489005543e-01
2.208506635344191338e+00 9.899996973237310538e-01
2.208770843555056373e+00 9.766150405625294573e-01
2.209035051765921409e+00 9.692974216293342993e-01
2.209299259976786445e+00 9.885555190693666727e-01
2.209563468187651480e+00 1.005099424871821912e+00
2.209827676398516516e+00 1.032716574578582014e+00
2.210091884609381552e+00 1.034728616541471080e+00
2.210356092820246587e+00 1.001625667634600703e+00
2.210620301031111623e+00 9.951645501302295305e-01
2.210884509241976659e+00 9.793551381061856853e-01
2.211148717452841694e+00 9.413609006507662746e-01
2.211412925663706730e+00 9.567877800863411331e-01
2.211677133874571766e+00 9.789301752274440771e-01
2.211941342085436801e+00 9.535295748024051887e-01
2.212205550296301837e+00 9.857124584702432468e-01
2.212469758507166873e+00 1.015996021412481243e+00
2.212733966718031908e+00 1.044353767650605613e+00
2.212998174928896944e+00 1.061099509236058003e+00
2.213262383139761980e+00 1.049631214003144741e+00
2.213526591350627015e+00 1.024047544040629365e+00
2.213790799561492051e+00 1.002377202659830990e+00
2.214055007772357087e+00 1.011049078825011716e+00
2.214319443356897565e+00 1.011760271987582671e+00
2.214583651567762601e+00 9.973872602389771691e-01
2.214847859778627637e+00 1.023194482560460417e+00
2.215112067989492672e+00 1.046530945099978682e+00
2.215376276200357708e+00 1.028216105863770435e+00
2.215640484411222744e+00 1.006972506697443093e+00
2.215904692622087779e+00 1.004186043958023244e+00
2.216168900832952815e+00 1.037776855674386933e+00
2.216433109043817851e+00 1.067517832129461164e+00
2.216697317254682886e+00 1.019683975922085706e+00
2.216961525465547922e+00 1.022571008070013443e+00
2.217225733676412958e+00 1.026984395406918660e+00
2.217489941887277993e+00 1.031499846542943688e+00
2.217754150098143029e+00 9.491607487648039410e-01
2.218018358309008065e+00 1.007198856762349770e+00
2.218282566519873100e+00 1.016974972017665513e+00
2.218546774730738136e+00 1.037492776486062196e+00
2.218810982941603172e+00 1.056267568693281422e+00
2.219075191152468207e+00 1.059091328162910850e+00
2.219339399363333243e+00 1.061301851342943303e+00
2.219603607574198278e+00 1.012987309469751684e+00
2.219867815785063314e+00 9.575555289649096968e-01
2.220132023995928350e+00 9.608250286522690420e-01
2.220396232206793385e+00 9.694417207092549393e-01
2.220660440417658421e+00 9.599060353261301692e-01
2.220924648628523457e+00 9.415433248751989836e-01
2.221188856839388492e+00 9.884714095232407516e-01
2.221453065050253528e+00 9.860628756392240124e-01
2.221717273261118564e+00 9.423169184444197821e-01
2.221981708845659043e+00 9.454165259610203265e-01
2.222245917056524078e+00 9.719310331315730300e-01
2.222510125267389114e+00 9.790609405172812085e-01
2.222774333478254150e+00 1.012466915415955571e+00
2.223038541689119185e+00 1.018513957080700916e+00
2.223302749899984221e+00 1.028042082768316767e+00
2.223566958110849257e+00 1.020906188405735771e+00
2.223831166321714292e+00 9.856335765874236765e-01
2.224095374532579328e+00 9.678253490052217689e-01
2.224359582743444363e+00 9.535847152896016476e-01
2.224623790954309399e+00 9.367160563686516284e-01
2.224887999165174435e+00 9.642121478686845881e-01
2.225152207376039470e+00 1.007605973035312186e+00
2.225416415586904506e+00 1.037378707533581190e+00
2.225680623797769542e+00 1.041527700722039151e+00
2.225944832008634577e+00 1.043243847330447283e+00
2.226209040219499613e+00 1.068800624589058446e+00
2.226473248430364649e+00 1.077520100418067228e+00
2.226737456641229684e+00 1.043614128456802348e+00
2.227001664852094720e+00 9.737557336760866988e-01
2.227265873062959756e+00 9.433981286135280087e-01
2.227530081273824791e+00 9.725167473905570459e-01
2.227794289484689827e+00 9.558383300930686222e-01
2.228058497695554863e+00 9.033968606077917851e-01
2.228322705906419898e+00 9.041452214775026475e-01
2.228586914117284934e+00 9.470163301299501235e-01
2.228851122328149970e+00 9.812468100083998612e-01
2.229115330539015005e+00 1.023453666540207196e+00
2.229379538749880041e+00 1.004093403130007056e+00
2.229643746960745077e+00 9.699983686125462912e-01
2.229908182545285555e+00 9.922162015425777248e-01
2.230172390756150591e+00 1.016105560651246131e+00
2.230436598967015627e+00 1.001129952089445663e+00
2.230700807177880662e+00 9.906939488241622849e-01
2.230965015388745698e+00 9.900372933984294965e-01
2.231229223599610734e+00 9.913921461784560574e-01
2.231493431810475769e+00 1.024095243741539596e+00
2.231757640021340805e+00 1.038406704766469568e+00
2.232021848232205841e+00 1.038908146895326068e+00
2.232286056443070876e+00 1.001858175937737849e+00
2.232550264653935912e+00 9.932760722089420957e-01
2.232814472864800948e+00 1.030000656340487541e+00
2.233078681075665983e+00 1.020371630241156069e+00
2.233342889286531019e+00 9.911810298436155575e-01
2.233607097497396055e+00 9.664418864065115189e-01
2.233871305708261090e+00 9.827501553836592851e-01
2.234135513919126126e+00 9.936892266380379368e-01
2.234399722129991162e+00 1.027255673228106403e+00
2.234663930340856197e+00 1.016780942229710050e+00
2.234928138551721233e+00 1.003846296077793410e+00
2.235192346762586268e+00 9.705013892435334633e-01
2.235456554973451304e+00 9.519520803545419296e-01
2.235720763184316340e+00 9.760542852964527727e-01
2.235984971395181375e+00 9.353840743296687466e-01
2.236249179606046411e+00 9.137482651428409097e-01
2.236513387816911447e+00 9.415161336384254565e-01
2.236777596027776482e+00 9.623022629745771050e-01
2.237041804238641518e+00 9.550834599678301728e-01
2.237306012449506554e+00 9.800151565752991401e-01
2.237570448034047033e+00 1.039901539178677892e+00
2.237834656244912068e+00 1.047593114523750035e+00
2.238098864455777104e+00 1.029006313899976544e+00
2.238363072666642140e+00 1.019267667714875758e+00
2.238627280877507175e+00 1.026778094467435842e+00
2.238891489088372211e+00 1.013110825742794319e+00
2.239155697299237247e+00 9.829614222873861440e-01
2.239419905510102282e+00 9.596237430007883429e-01
2.239684113720967318e+00 9.571477276071180817e-01
2.239948321931832353e+00 9.950984596840234397e-01
2.240212530142697389e+00 1.026687186906431348e+00
2.240476738353562425e+00 1.014359092828444942e+00
2.240740946564427460e+00 9.935001143859758521e-01
2.241005154775292496e+00 1.016542395936527177e+00
2.241269362986157532e+00 1.055854178670930121e+00
2.241533571197022567e+00 1.061827380597532233e+00
2.241797779407887603e+00 1.053553266142919664e+00
2.242061987618752639e+00 1.033082843090305403e+00
2.242326195829617674e+00 9.873697565129383458e-01
2.242590404040482710e+00 9.387565130010506742e-01
2.242854612251347746e+00 9.704583636187206208e-01
2.243118820462212781e+00 9.692945167396346262e-01
2.243383028673077817e+00 9.232927746581600648e-01
2.243647236883942853e+00 9.555841361715812221e-01
2.243911445094807888e+00 9.720200761312202120e-01
2.244175653305672924e+00 9.349214367855488428e-01
2.244439861516537960e+00 9.528684188418824474e-01
2.244704069727402995e+00 1.000120102677054978e+00
2.244968277938268031e+00 1.007419305687541788e+00
2.245232713522808510e+00 9.889158003562170673e-01
2.245496921733673545e+00 9.581692808250285021e-01
2.245761129944538581e+00 9.920983453490853643e-01
2.246025338155403617e+00 1.060170828264210607e+00
2.246289546366268652e+00 1.069797873498751217e+00
2.246553754577133688e+00 1.062874702350715461e+00
2.246817962787998724e+00 1.054057744088942927e+00
2.247082170998863759e+00 1.028437068411909960e+00
2.247346379209728795e+00 9.791424739348577599e-01
2.247610587420593831e+00 1.000868095103262689e+00
2.247874795631458866e+00 9.992273034172475255e-01
2.248139003842323902e+00 9.844685877734402624e-01
2.248403212053188938e+00 9.852231664143353829e-01
2.248667420264053973e+00 1.009333684845552748e+00
2.248931628474919009e+00 1.004587815756222025e+00
2.249195836685784045e+00 1.022780815046356429e+00
2.249460044896649080e+00 1.052433720680274298e+00
2.249724253107514116e+00 1.049889905640168930e+00
2.249988461318379152e+00 1.005691380651584366e+00
2.250252669529244187e+00 9.763414072034323210e-01
2.250516877740109223e+00 9.673419305923764977e-01
2.250781085950974258e+00 9.383760061219834636e-01
2.251045294161839294e+00 9.700701414192108851e-01
2.251309502372704330e+00 1.013652138251997181e+00
2.251573710583569365e+00 1.035406728333136073e+00
2.251837918794434401e+00 1.034342275392048371e+00
2.252102127005299437e+00 1.031052941166522796e+00
2.252366335216164472e+00 9.743869657442865151e-01
2.252630543427029508e+00 9.985253009785708400e-01
2.252894979011569987e+00 1.028765487833793513e+00
2.253159187222435023e+00 1.050518737319643403e+00
2.253423395433300058e+00 1.019219914971176033e+00
2.253687603644165094e+00 1.013816788038659711e+00
2.253951811855030130e+00 1.070207348945152237e+00
2.254216020065895165e+00 1.031792655040248530e+00
2.254480228276760201e+00 9.955559458266090012e-01
2.254744436487625237e+00 9.902114197930589334e-01
2.255008644698490272e+00 1.002820480779959222e+00
2.255272852909355308e+00 9.693591745297704954e-01
2.255537061120220343e+00 9.465719993820375100e-01
2.255801269331085379e+00 9.797942665351110358e-01
2.256065477541950415e+00 1.027533636614580193e+00
2.256329685752815450e+00 1.002153875506086589e+00
2.256593893963680486e+00 1.013661124508715483e+00
2.256858102174545522e+00 9.989952615724621010e-01
2.257122310385410557e+00 1.005675586950410594e+00
2.257386518596275593e+00 1.027128017317207265e+00
2.257650726807140629e+00 1.077432410419228548e+00
2.257914935018005664e+00 1.037703327460493430e+00
2.258179143228870700e+00 9.880146556232664024e-01
2.258443351439735736e+00 9.548575563503827190e-01
2.258707559650600771e+00 9.800440453834970977e-01
2.258971767861465807e+00 9.909382706949991793e-01
2.259235976072330843e+00 9.673707628298683359e-01
2.259500184283195878e+00 1.013343841228712794e+00
2.259764392494060914e+00 1.034154696860724920e+00
2.260028600704925950e+00 1.010890976208300263e+00
2.260292808915790985e+00 1.001928479950541462e+00
2.260557017126656021e+00 1.013469846445176126e+00
2.260821452711196500e+00 9.934300764695213060e-01
2.261085660922061535e+00 9.686313540228981278e-01
2.261349869132926571e+00 9.997553777194793101e-01
2.261614077343791607e+00 1.026946982721724799e+00
2.261878285554656642e+00 9.908143128932961341e-01
2.262142493765521678e+00 9.832970850254875161e-01
2.262406701976386714e+00 1.011503717150176840e+00
2.262670910187251749e+00 9.921978064528854668e-01
2.262935118398116785e+00 9.581894670840147565e-01
2.263199326608981821e+00 9.562977966918447814e-01
2.263463534819846856e+00 9.631182589350014700e-01
2.263727743030711892e+00 9.419187569255706993e-01
2.263991951241576928e+00 9.137794381991047876e-01
2.264256159452441963e+00 9.556351905042959061e-01
2.264520367663306999e+00 9.348272370003060106e-01
2.264784575874172035e+00 9.322803036338208615e-01
2.265048784085037070e+00 9.230898769549560345e-01
2.265312992295902106e+00 8.890921503625388578e-01
2.265577200506767142e+00 8.930186091379538338e-01
2.265841408717632177e+00 9.751276065063465559e-01
2.266105616928497213e+00 9.777650819296265228e-01
2.266369825139362248e+00 9.444687825763676825e-01
2.266634033350227284e+00 9.457939162447649428e-01
2.266898241561092320e+00 9.302034473489326771e-01
2.267162449771957355e+00 9.037260972536307335e-01
2.267426657982822391e+00 9.333249306530401190e-01
2.267690866193687427e+00 9.800041689992311511e-01
2.267955074404552462e+00 1.014183646246676451e+00
2.268219282615417498e+00 1.018116906425927004e+00
2.268483718199957977e+00 1.002781157685429081e+00
2.268747926410823013e+00 9.694598025185723333e-01
2.269012134621688048e+00 9.917483292236755066e-01
2.269276342832553084e+00 9.908994077814423651e-01
2.269540551043418120e+00 9.500880165610507966e-01
2.269804759254283155e+00 9.937177855752703515e-01
2.270068967465148191e+00 1.019416797682212161e+00
2.270333175676013227e+00 1.014004367547708396e+00
2.270597383886878262e+00 1.002173659065055622e+00
2.270861592097743298e+00 9.273248364946858890e-01
2.271125800308608333e+00 8.981607702299979623e-01
2.271390008519473369e+00 9.425878058998443665e-01
2.271654216730338405e+00 9.785330092436836935e-01
2.271918424941203440e+00 9.877837050598977653e-01
2.272182633152068476e+00 1.031854608239346494e+00
2.272446841362933512e+00 9.784337999262434638e-01
2.272711049573798547e+00 8.991630012446507614e-01
2.272975257784663583e+00 8.940836828142904036e-01
2.273239465995528619e+00 9.703454350724491917e-01
2.273503674206393654e+00 9.896511557250667890e-01
2.273767882417258690e+00 9.678052565731070089e-01
2.274032090628123726e+00 1.007764560176711566e+00
2.274296298838988761e+00 1.021317729761781701e+00
2.274560507049853797e+00 1.014614506881410971e+00
2.274824715260718833e+00 1.008021551165253271e+00
2.275088923471583868e+00 1.125742245083038773e+00
2.275353131682448904e+00 9.451440029320029579e-01
2.275617339893313940e+00 1.010250687907771061e+00
2.275881548104178975e+00 1.048699595430725884e+00
2.276145983688719454e+00 1.033462140383276440e+00
2.276410191899584490e+00 9.953146564485298997e-01
2.276674400110449525e+00 9.353325792873768973e-01
2.276938608321314561e+00 9.375578227609254744e-01
2.277202816532179597e+00 9.769421293804387840e-01
2.277467024743044632e+00 9.982522445491918139e-01
2.277731232953909668e+00 1.036158887982276733e+00
2.277995441164774704e+00 1.053021475028162568e+00
2.278259649375639739e+00 1.034166616948922757e+00
2.278523857586504775e+00 1.011002932666092313e+00
2.278788065797369811e+00 1.019599783016467587e+00
2.279052274008234846e+00 9.732625741717032541e-01
2.279316482219099882e+00 9.192788733204664275e-01
2.279580690429964918e+00 9.307563181739689773e-01
2.279844898640829953e+00 9.381753307649862705e-01
2.280109106851694989e+00 9.490646339129024112e-01
2.280373315062560025e+00 9.469428299884830036e-01
2.280637523273425060e+00 9.096813394433548305e-01
2.280901731484290096e+00 8.746458096082978528e-01
2.281165939695155132e+00 8.802888178623192728e-01
2.281430147906020167e+00 8.302594639061616766e-01
2.281694356116885203e+00 8.932671477377588376e-01
2.281958564327750238e+00 9.374743267082599196e-01
2.282222772538615274e+00 9.933181642549436807e-01
2.282486980749480310e+00 1.008717836382113875e+00
2.282751188960345345e+00 1.004577927126093506e+00
2.283015397171210381e+00 9.844387416509875477e-01
2.283279605382075417e+00 9.710830421881198049e-01
2.283543813592940452e+00 9.558984436638641169e-01
2.283808021803805488e+00 9.218543957107951936e-01
2.284072457388345967e+00 9.366514452784405753e-01
2.284336665599211003e+00 9.571652550144268412e-01
2.284600873810076038e+00 9.293531662676506322e-01
2.284865082020941074e+00 9.240907383702594569e-01
2.285129290231806110e+00 8.665214350371989172e-01
2.285393498442671145e+00 9.158681028765407461e-01
2.285657706653536181e+00 9.978916150609687952e-01
2.285921914864401217e+00 1.017861960962210155e+00
2.286186123075266252e+00 9.967132782945485880e-01
2.286450331286131288e+00 9.530286814960189368e-01
2.286714539496996323e+00 9.647860089888355972e-01
2.286978747707861359e+00 9.751988989706068534e-01
2.287242955918726395e+00 9.755295782965229812e-01
2.287507164129591430e+00 9.423628876415683919e-01
2.287771372340456466e+00 9.455648206995040939e-01
2.288035580551321502e+00 9.408038548441151061e-01
2.288299788762186537e+00 9.649104350000726749e-01
2.288563996973051573e+00 1.012741920216913671e+00
2.288828205183916609e+00 1.031994815398252108e+00
2.289092413394781644e+00 9.945775923946743591e-01
2.289356621605646680e+00 9.633908121502674504e-01
2.289620829816511716e+00 9.745093937477106172e-01
2.289885038027376751e+00 1.075778723779868384e+00
2.290149246238241787e+00 9.610193747847067813e-01
2.290413454449106823e+00 9.690655316396949992e-01
2.290677662659971858e+00 9.684815897721054112e-01
2.290941870870836894e+00 9.322975599235050481e-01
2.291206079081701930e+00 9.519937002825293870e-01
2.291470287292566965e+00 9.850173626753320200e-01
2.291734722877107444e+00 9.191984188623142371e-01
2.291998931087972480e+00 9.106095570985999199e-01
2.292263139298837515e+00 9.071856178751127597e-01
2.292527347509702551e+00 8.869460561833504286e-01
2.292791555720567587e+00 9.033254458718743551e-01
2.293055763931432622e+00 9.538071347146596102e-01
2.293319972142297658e+00 9.893423868681981981e-01
2.293584180353162694e+00 9.529171307227698451e-01
2.293848388564027729e+00 8.893918671065641490e-01
2.294112596774892765e+00 7.441040257083392229e-01
2.294376804985757801e+00 6.022762725796596550e-01
2.294641013196622836e+00 6.206649071590009115e-01
2.294905221407487872e+00 6.602838828555106510e-01
2.295169429618352908e+00 6.686615139890426107e-01
2.295433637829217943e+00 6.663823493582549107e-01
2.295697846040082979e+00 6.677012483323183645e-01
2.295962054250948015e+00 6.829136718241440862e-01
2.296226262461813050e+00 6.912318600212099540e-01
2.296490470672678086e+00 7.270160082428512860e-01
2.296754678883543122e+00 7.618313506262639478e-01
2.297018887094408157e+00 7.401856454598439994e-01
2.297283095305273193e+00 7.304035464854347071e-01
2.297547303516138228e+00 7.414670841522424949e-01
2.297811511727003264e+00 7.980292960015310522e-01
2.298075719937868300e+00 8.476718540703039872e-01
2.298339928148733335e+00 8.538724983380693301e-01
2.298604136359598371e+00 7.781881906093972567e-01
2.298868344570463407e+00 7.735784190147597661e-01
2.299132552781328442e+00 7.665408352769974565e-01
2.299396988365868921e+00 8.490789784566483700e-01
2.299661196576733957e+00 7.949673519328332993e-01
2.299925404787598993e+00 7.616656537425706697e-01
2.300189612998464028e+00 8.711801757094661536e-01
2.300453821209329064e+00 8.577908320569904710e-01
2.300718029420194100e+00 9.266524720636593049e-01
2.300982237631059135e+00 9.063806561075730128e-01
2.301246445841924171e+00 7.829166829928198013e-01
2.301510654052789207e+00 8.392718579569726778e-01
2.301774862263654242e+00 7.944553092141979356e-01
2.302039070474519278e+00 7.390465726610385699e-01
2.302303278685384313e+00 9.023311226584840306e-01
2.302567486896249349e+00 9.318558923193581700e-01
2.302831695107114385e+00 8.843927102706327092e-01
2.303095903317979420e+00 9.456698030568454483e-01
2.303360111528844456e+00 8.473360888850421935e-01
2.303624319739709492e+00 7.959166442124310237e-01
2.303888527950574527e+00 8.879831571373169030e-01
2.304152736161439563e+00 9.195132350588252068e-01
2.304416944372304599e+00 8.181215021381365027e-01
2.304681152583169634e+00 8.703644395718501681e-01
2.304945360794034670e+00 9.464372246895140783e-01
2.305209569004899706e+00 8.568749386723729655e-01
2.305473777215764741e+00 7.785567610489924073e-01
2.305737985426629777e+00 8.717545258207609615e-01
2.306002193637494813e+00 8.309256025362858900e-01
2.306266401848359848e+00 6.923647440213740456e-01
2.306530610059224884e+00 7.714659717295763164e-01
2.306794818270089920e+00 9.233486427033800181e-01
2.307059026480954955e+00 8.825596239776445362e-01
2.307323462065495434e+00 7.528105901880101092e-01
2.307587670276360470e+00 8.266849377481451100e-01
2.307851878487225505e+00 9.275071304672968253e-01
2.308116086698090541e+00 8.115417688803440166e-01
2.308380294908955577e+00 6.979312717139706246e-01
2.308644503119820612e+00 8.113773443248243344e-01
2.308908711330685648e+00 9.538005332872062647e-01
2.309172919541550684e+00 9.598537117453348477e-01
2.309437127752415719e+00 8.366406823020056116e-01
2.309701335963280755e+00 8.012626667186338869e-01
2.309965544174145791e+00 4.760962195188137569e-01
2.310229752385010826e+00 7.855517042548637585e-01
2.310493960595875862e+00 7.152240310288052738e-01
2.310758168806740898e+00 7.912248362535116986e-01
2.311022377017605933e+00 9.268957612469009844e-01
2.311286585228470969e+00 9.716161616952242452e-01
2.311550793439336005e+00 8.929011234586634593e-01
2.311815001650201040e+00 7.654109578668127911e-01
2.312079209861066076e+00 7.717545293231565795e-01
2.312343418071931112e+00 8.449905745203775131e-01
2.312607626282796147e+00 9.079827412076265647e-01
2.312871834493661183e+00 8.389719357990554904e-01
2.313136042704526218e+00 7.811750501062341145e-01
2.313400250915391254e+00 8.629157728590460819e-01
2.313664459126256290e+00 9.161748313104651764e-01
2.313928667337121325e+00 9.138894610367563898e-01
2.314192875547986361e+00 8.537186139157936227e-01
2.314457083758851397e+00 8.080023152930579933e-01
2.314721291969716432e+00 8.596238420982197370e-01
2.314985727554256911e+00 8.903637844972954740e-01
2.315249935765121947e+00 8.048571070177243936e-01
2.315514143975986983e+00 7.024229208795619295e-01
2.315778352186852018e+00 7.829708315995530521e-01
2.316042560397717054e+00 9.217883357455870508e-01
2.316306768608582090e+00 9.783292979421167601e-01
2.316570976819447125e+00 9.462767603518489334e-01
2.316835185030312161e+00 7.933967726438984069e-01
2.317099393241177197e+00 7.748197228155405680e-01
2.317363601452042232e+00 8.925735302592149312e-01
2.317627809662907268e+00 8.986737114029127449e-01
2.317892017873772303e+00 8.781677361108922719e-01
2.318156226084637339e+00 7.513869875178382784e-01
2.318420434295502375e+00 7.701429867253554162e-01
2.318684642506367410e+00 9.064657980352830435e-01
2.318948850717232446e+00 9.107730282129011812e-01
2.319213058928097482e+00 9.515923714629412888e-01
2.319477267138962517e+00 9.366230767442335070e-01
2.319741475349827553e+00 8.331924457029400433e-01
2.320005683560692589e+00 8.738278990280290426e-01
2.320269891771557624e+00 9.215064896358392543e-01
2.320534099982422660e+00 9.159367166923433334e-01
2.320798308193287696e+00 8.523807182291577300e-01
2.321062516404152731e+00 7.296937267840318819e-01
2.321326724615017767e+00 7.526494791541914475e-01
2.321590932825882803e+00 8.681116419523071670e-01
2.321855141036747838e+00 8.846109657399923165e-01
2.322119349247612874e+00 8.927752260483263758e-01
2.322383557458477910e+00 8.228381381067836342e-01
2.322647993043018388e+00 6.824701937478893088e-01
2.322912201253883424e+00 7.255705584563293398e-01
2.323176409464748460e+00 7.012155870837046834e-01
2.323440617675613495e+00 5.841885137689272200e-01
2.323704825886478531e+00 5.755841045142813250e-01
2.323969034097343567e+00 5.711786181854234812e-01
2.324233242308208602e+00 5.717848248051980997e-01
2.324497450519073638e+00 6.511486676468574153e-01
2.324761658729938674e+00 7.433063324078783562e-01
2.325025866940803709e+00 7.985540705671126949e-01
2.325290075151668745e+00 8.036407038221705657e-01
2.325554283362533781e+00 7.807320550378917812e-01
2.325818491573398816e+00 7.615177620394137925e-01
2.326082699784263852e+00 8.088172158862337868e-01
2.326346907995128888e+00 7.881864415175836580e-01
2.326611116205993923e+00 7.542135746369980076e-01
2.326875324416858959e+00 7.651942064546087829e-01
2.327139532627723995e+00 7.996899543070862260e-01
2.327403740838589030e+00 7.540676763717351072e-01
2.327667949049454066e+00 8.234006472048703840e-01
2.327932157260319102e+00 8.536510146313011083e-01
2.328196365471184137e+00 8.236835678069791555e-01
2.328460573682049173e+00 7.726315762901621031e-01
2.328724781892914208e+00 7.227331539105955605e-01
2.328988990103779244e+00 7.261222759616927647e-01
2.329253198314644280e+00 6.972617654864694536e-01
2.329517406525509315e+00 7.839834777909238106e-01
2.329781614736374351e+00 8.330038676224226224e-01
2.330045822947239387e+00 8.153156371454323148e-01
2.330310031158104422e+00 8.617465963196399015e-01
2.330574466742644901e+00 8.006176531537818608e-01
2.330838674953509937e+00 6.419507454642129352e-01
2.331102883164374973e+00 6.533288142430885292e-01
2.331367091375240008e+00 7.411750244260320031e-01
2.331631299586105044e+00 7.752390714005575889e-01
2.331895507796970080e+00 7.865593496464765577e-01
2.332159716007835115e+00 7.899962736044279232e-01
2.332423924218700151e+00 7.072751528782771357e-01
2.332688132429565186e+00 7.832712305624335292e-01
2.332952340640430222e+00 9.107447039856356730e-01
2.333216548851295258e+00 8.850864895975263380e-01
2.333480757062160293e+00 8.274805027508262967e-01
2.333744965273025329e+00 8.863834981745190023e-01
2.334009173483890365e+00 8.724064044947502650e-01
2.334273381694755400e+00 7.386734559843571857e-01
2.334537589905620436e+00 7.664362390348832266e-01
2.334801798116485472e+00 8.435223309230556188e-01
2.335066006327350507e+00 8.388310631335046397e-01
2.335330214538215543e+00 8.077334166003503624e-01
2.335594422749080579e+00 7.970725811206670341e-01
2.335858630959945614e+00 7.713267963723149379e-01
2.336122839170810650e+00 6.650465938040992508e-01
2.336387047381675686e+00 6.810820126577216138e-01
2.336651255592540721e+00 8.611549078579266991e-01
2.336915463803405757e+00 9.027963890565059435e-01
2.337179672014270793e+00 8.148956984978982243e-01
2.337443880225135828e+00 7.606149228299322607e-01
2.337708088436000864e+00 7.883009036297093930e-01
2.337972296646865900e+00 7.744319044272971464e-01
2.338236732231406378e+00 7.838039789507257327e-01
2.338500940442271414e+00 7.828159206445893803e-01
2.338765148653136450e+00 8.207431093444451653e-01
2.339029356864001485e+00 8.574260753809108682e-01
2.339293565074866521e+00 8.298167139443080043e-01
